0 557 0 723 620 
1 558 0 722 621 
2 563 0 717 620 
3 561 0 719 617 
4 558 0 722 629 
5 553 0 727 632 
6 547 0 733 627 180 0 162 102 
7 547 0 733 624 
8 548 0 732 631 
9 550 0 730 630 
10 544 0 736 631 
11 547 0 733 624 
12 549 0 731 616 
13 543 0 737 611 
14 542 0 738 615 
15 541 0 739 623 
16 543 0 737 627 
17 546 0 734 627 183 0 160 100 
18 543 0 737 632 
19 548 0 732 626 
20 549 0 731 629 
21 552 0 728 627 
22 548 0 732 629 
23 550 0 730 633 181 0 162 102 
24 546 0 734 627 
25 550 0 730 626 
26 551 0 729 623 
27 556 0 724 625 182 0 160 101 
28 555 0 725 625 182 0 159 101 
29 558 0 719 627 181 0 161 101 
30 560 0 720 636 
31 560 0 715 623 
32 557 0 723 612 
33 553 0 727 619 
34 550 0 730 618 
35 550 0 730 618 
36 554 0 726 619 
37 559 0 721 621 
38 551 0 729 621 
39 557 0 723 633 
40 558 0 720 631 182 0 159 101 
41 560 0 720 631 182 0 162 101 
42 557 0 722 633 
43 558 0 722 627 182 0 161 101 
